52
0 150 240 1061109567 1061109567 1061109567 1061109567 1061109567 1061109567 1061109567 1061109567 1061109567 1061109567 1061109567 1061109567 1061109567 1061109567 1061109567 1061109567 1061109567 1061109567 1061109567 1061109567 1061109567 1061109567 1061109567 1061109567 1061109567 1061109567 1061109567 1061109567 1061109567 1061109567 1061109567 1061109567 1061109567 1061109567 1061109567 1061109567 1061109567 1061109567 1061109567 1061109567 1061109567 1061109567 1061109567 1061109567 1061109567 1061109567 1061109567 1061109567 1061109567 
150 0 1061109567 100 100 1061109567 1061109567 1061109567 1061109567 1061109567 1061109567 1061109567 1061109567 1061109567 1061109567 1061109567 1061109567 1061109567 1061109567 1061109567 1061109567 1061109567 1061109567 1061109567 1061109567 1061109567 1061109567 1061109567 1061109567 1061109567 1061109567 1061109567 1061109567 1061109567 1061109567 1061109567 1061109567 1061109567 1061109567 1061109567 1061109567 1061109567 1061109567 1061109567 1061109567 1061109567 1061109567 1061109567 1061109567 1061109567 1061109567 1061109567 
240 1061109567 0 1061109567 1061109567 1061109567 1061109567 1061109567 1061109567 1061109567 1061109567 1061109567 1061109567 1061109567 1061109567 1061109567 1061109567 1061109567 1061109567 1061109567 1061109567 1061109567 1061109567 1061109567 1061109567 800 1061109567 1061109567 1061109567 1061109567 1061109567 1061109567 1061109567 1061109567 1061109567 1061109567 1061109567 1061109567 1061109567 1061109567 1061109567 1061109567 1061109567 1061109567 1061109567 1061109567 1061109567 1061109567 1061109567 1061109567 1061109567 1061109567 
1061109567 100 1061109567 0 1061109567 1061109567 1061109567 1061109567 1061109567 1061109567 1061109567 1061109567 1061109567 1061109567 1061109567 1061109567 1061109567 1061109567 1061109567 1061109567 50 1061109567 1061109567 1061109567 1061109567 1061109567 1061109567 1061109567 1061109567 1061109567 1061109567 1061109567 1061109567 1061109567 1061109567 1061109567 1061109567 1061109567 1061109567 1061109567 1061109567 1061109567 1061109567 1061109567 1061109567 1061109567 1061109567 1061109567 1061109567 1061109567 1061109567 1061109567 
1061109567 100 1061109567 1061109567 0 50 1061109567 1061109567 1061109567 1061109567 1061109567 1061109567 1061109567 1061109567 1061109567 1061109567 1061109567 1061109567 1061109567 1061109567 1061109567 1061109567 1061109567 1061109567 1061109567 1061109567 1061109567 1061109567 1061109567 1061109567 1061109567 1061109567 1061109567 1061109567 1061109567 1061109567 1061109567 1061109567 1061109567 1061109567 1061109567 1061109567 1061109567 1061109567 1061109567 1061109567 1061109567 1061109567 1061109567 1061109567 1061109567 1061109567 
1061109567 1061109567 1061109567 1061109567 50 0 50 1061109567 1061109567 1061109567 1061109567 1061109567 1061109567 1061109567 1061109567 1061109567 1061109567 1061109567 1061109567 1061109567 1061109567 1061109567 1061109567 1061109567 1061109567 1061109567 1061109567 1061109567 1061109567 1061109567 1061109567 1061109567 1061109567 1061109567 1061109567 1061109567 1061109567 1061109567 1061109567 1061109567 1061109567 1061109567 1061109567 1061109567 1061109567 1061109567 1061109567 1061109567 1061109567 1061109567 1061109567 1061109567 
1061109567 1061109567 1061109567 1061109567 1061109567 50 0 100 150 1061109567 1061109567 1061109567 1061109567 1061109567 1061109567 1061109567 1061109567 1061109567 1061109567 1061109567 1061109567 1061109567 1061109567 1061109567 1061109567 1061109567 1061109567 1061109567 1061109567 1061109567 1061109567 1061109567 1061109567 1061109567 1061109567 1061109567 1061109567 1061109567 1061109567 1061109567 1061109567 1061109567 1061109567 1061109567 1061109567 1061109567 1061109567 1061109567 1061109567 1061109567 1061109567 1061109567 
1061109567 1061109567 1061109567 1061109567 1061109567 1061109567 100 0 1061109567 1061109567 1061109567 1061109567 1061109567 1061109567 500 1061109567 1061109567 1061109567 1061109567 1061109567 1061109567 1061109567 300 1061109567 1061109567 1061109567 1061109567 1061109567 1061109567 1061109567 1061109567 1061109567 1061109567 1061109567 1061109567 1061109567 1061109567 1061109567 1061109567 1061109567 1061109567 1061109567 1061109567 1061109567 1061109567 1061109567 1061109567 1061109567 1061109567 1061109567 1061109567 1061109567 
1061109567 1061109567 1061109567 1061109567 1061109567 1061109567 150 1061109567 0 50 70 40 1061109567 1061109567 1061109567 1061109567 1061109567 1061109567 1061109567 1061109567 1061109567 1061109567 1061109567 1061109567 1061109567 1061109567 1061109567 1061109567 1061109567 1061109567 1061109567 1061109567 1061109567 1061109567 1061109567 1061109567 1061109567 1061109567 1061109567 1061109567 1061109567 1061109567 1061109567 1061109567 1061109567 1061109567 1061109567 1061109567 1061109567 1061109567 1061109567 1061109567 
1061109567 1061109567 1061109567 1061109567 1061109567 1061109567 1061109567 1061109567 50 0 100 1061109567 1061109567 1061109567 1061109567 1061109567 1061109567 1061109567 1061109567 1061109567 1061109567 1061109567 1061109567 1061109567 1061109567 1061109567 1061109567 1061109567 1061109567 1061109567 1061109567 1061109567 1061109567 1061109567 1061109567 1061109567 1061109567 1061109567 1061109567 1061109567 1061109567 1061109567 1061109567 1061109567 1061109567 1061109567 1061109567 1061109567 1061109567 1061109567 1061109567 1061109567 
1061109567 1061109567 1061109567 1061109567 1061109567 1061109567 1061109567 1061109567 70 100 0 1061109567 1061109567 100 1061109567 300 1061109567 1061109567 30 200 1061109567 1061109567 1061109567 1061109567 1061109567 1061109567 1061109567 1061109567 1061109567 1061109567 1061109567 1061109567 1061109567 1061109567 1061109567 1061109567 1061109567 1061109567 1061109567 1061109567 1061109567 1061109567 1061109567 1061109567 1061109567 1061109567 1061109567 1061109567 1061109567 1061109567 1061109567 1061109567 
1061109567 1061109567 1061109567 1061109567 1061109567 1061109567 1061109567 1061109567 40 1061109567 1061109567 0 10 1061109567 1061109567 1061109567 1061109567 1061109567 1061109567 1061109567 1061109567 1061109567 1061109567 1061109567 1061109567 1061109567 1061109567 1061109567 1061109567 1061109567 1061109567 1061109567 1061109567 1061109567 1061109567 1061109567 1061109567 1061109567 1061109567 1061109567 1061109567 1061109567 1061109567 1061109567 1061109567 1061109567 1061109567 1061109567 1061109567 1061109567 1061109567 1061109567 
1061109567 1061109567 1061109567 1061109567 1061109567 1061109567 1061109567 1061109567 1061109567 1061109567 1061109567 10 0 1061109567 80 1061109567 1061109567 1061109567 1061109567 1061109567 1061109567 1061109567 1061109567 1061109567 1061109567 1061109567 1061109567 1061109567 1061109567 1061109567 1061109567 1061109567 1061109567 1061109567 1061109567 1061109567 1061109567 1061109567 1061109567 1061109567 1061109567 1061109567 1061109567 1061109567 1061109567 1061109567 1061109567 1061109567 1061109567 1061109567 1061109567 1061109567 
1061109567 1061109567 1061109567 1061109567 1061109567 1061109567 1061109567 1061109567 1061109567 1061109567 100 1061109567 1061109567 0 1061109567 150 1061109567 1061109567 150 1061109567 1061109567 1061109567 1061109567 1061109567 1061109567 1061109567 1061109567 1061109567 1061109567 1061109567 1061109567 1061109567 1061109567 1061109567 1061109567 1061109567 1061109567 1061109567 1061109567 1061109567 1061109567 1061109567 1061109567 1061109567 1061109567 1061109567 1061109567 1061109567 1061109567 1061109567 1061109567 1061109567 
1061109567 1061109567 1061109567 1061109567 1061109567 1061109567 1061109567 500 1061109567 1061109567 1061109567 1061109567 80 1061109567 0 200 1061109567 1061109567 1061109567 1061109567 1061109567 150 1061109567 20 1300 1061109567 1061109567 1061109567 1061109567 1061109567 1061109567 1061109567 1061109567 1061109567 1061109567 1061109567 1061109567 1061109567 1061109567 1061109567 1061109567 1061109567 1061109567 1061109567 1061109567 1061109567 1061109567 1061109567 1061109567 1061109567 1061109567 1061109567 
1061109567 1061109567 1061109567 1061109567 1061109567 1061109567 1061109567 1061109567 1061109567 1061109567 300 1061109567 1061109567 150 200 0 50 1061109567 150 1061109567 1061109567 1061109567 1061109567 1061109567 1061109567 1061109567 1061109567 1061109567 1061109567 1061109567 1061109567 1061109567 1061109567 1061109567 1061109567 1061109567 1061109567 1061109567 1061109567 1061109567 1061109567 1061109567 1061109567 1061109567 1061109567 1061109567 1061109567 1061109567 1061109567 1061109567 1061109567 1061109567 
1061109567 1061109567 1061109567 1061109567 1061109567 1061109567 1061109567 1061109567 1061109567 1061109567 1061109567 1061109567 1061109567 1061109567 1061109567 50 0 150 1061109567 1061109567 1061109567 1061109567 1061109567 1061109567 1061109567 1061109567 1061109567 1061109567 1061109567 1061109567 1061109567 1061109567 1061109567 1061109567 500 1061109567 500 1061109567 1061109567 1061109567 1061109567 1061109567 1061109567 1061109567 1061109567 1061109567 1061109567 1061109567 1061109567 1061109567 1061109567 1061109567 
1061109567 1061109567 1061109567 1061109567 1061109567 1061109567 1061109567 1061109567 1061109567 1061109567 1061109567 1061109567 1061109567 1061109567 1061109567 1061109567 150 0 50 1061109567 1061109567 1061109567 1061109567 1061109567 1061109567 1061109567 1061109567 1061109567 1061109567 1061109567 1061109567 1061109567 1061109567 1061109567 1061109567 1061109567 1061109567 1061109567 1061109567 1061109567 1061109567 1061109567 1061109567 1061109567 1061109567 1061109567 1061109567 1061109567 1061109567 1061109567 1061109567 1061109567 
1061109567 1061109567 1061109567 1061109567 1061109567 1061109567 1061109567 1061109567 1061109567 1061109567 30 1061109567 1061109567 150 1061109567 150 1061109567 50 0 1061109567 1061109567 1061109567 1061109567 1061109567 1061109567 1061109567 1061109567 1061109567 1061109567 1061109567 1061109567 1061109567 1061109567 1061109567 1061109567 1061109567 1061109567 1061109567 1061109567 1061109567 1061109567 1061109567 1061109567 1061109567 1061109567 1061109567 1061109567 1061109567 1061109567 1061109567 1061109567 1061109567 
1061109567 1061109567 1061109567 1061109567 1061109567 1061109567 1061109567 1061109567 1061109567 1061109567 200 1061109567 1061109567 1061109567 1061109567 1061109567 1061109567 1061109567 1061109567 0 1061109567 1061109567 1061109567 1061109567 1061109567 1061109567 1061109567 1061109567 1061109567 1061109567 1061109567 1061109567 1061109567 1061109567 1061109567 1061109567 1061109567 1061109567 1061109567 1061109567 1061109567 1061109567 1061109567 1061109567 1061109567 1061109567 1061109567 1061109567 1061109567 1061109567 1061109567 1061109567 
1061109567 1061109567 1061109567 50 1061109567 1061109567 1061109567 1061109567 1061109567 1061109567 1061109567 1061109567 1061109567 1061109567 1061109567 1061109567 1061109567 1061109567 1061109567 1061109567 0 1061109567 1061109567 1061109567 1061109567 1061109567 1061109567 1061109567 1061109567 1061109567 1061109567 1061109567 1061109567 1061109567 1061109567 1061109567 1061109567 1061109567 1061109567 1061109567 1061109567 1061109567 1061109567 1061109567 1061109567 1061109567 1061109567 1061109567 1061109567 1061109567 1061109567 1061109567 
1061109567 1061109567 1061109567 1061109567 1061109567 1061109567 1061109567 1061109567 1061109567 1061109567 1061109567 1061109567 1061109567 1061109567 150 1061109567 1061109567 1061109567 1061109567 1061109567 1061109567 0 50 200 1061109567 1061109567 1061109567 1061109567 1061109567 1061109567 1061109567 1061109567 1061109567 1061109567 1061109567 1061109567 1061109567 1061109567 1061109567 1061109567 1061109567 1061109567 1061109567 1061109567 1061109567 1061109567 1061109567 1061109567 1061109567 1061109567 1061109567 1061109567 
1061109567 1061109567 1061109567 1061109567 1061109567 1061109567 1061109567 300 1061109567 1061109567 1061109567 1061109567 1061109567 1061109567 1061109567 1061109567 1061109567 1061109567 1061109567 1061109567 1061109567 50 0 20 1061109567 1061109567 1061109567 1061109567 1061109567 1061109567 1061109567 1061109567 1061109567 1061109567 1061109567 1061109567 1061109567 1061109567 1061109567 1061109567 1061109567 1061109567 1061109567 1061109567 1061109567 1061109567 1061109567 1061109567 1061109567 1061109567 1061109567 1061109567 
1061109567 1061109567 1061109567 1061109567 1061109567 1061109567 1061109567 1061109567 1061109567 1061109567 1061109567 1061109567 1061109567 1061109567 20 1061109567 1061109567 1061109567 1061109567 1061109567 1061109567 200 20 0 600 1061109567 1061109567 1061109567 1061109567 1061109567 1061109567 1061109567 1061109567 1061109567 1061109567 1061109567 1061109567 1061109567 1061109567 1061109567 1061109567 1061109567 1061109567 1061109567 1061109567 1061109567 1061109567 1061109567 1061109567 1061109567 1061109567 1061109567 
1061109567 1061109567 1061109567 1061109567 1061109567 1061109567 1061109567 1061109567 1061109567 1061109567 1061109567 1061109567 1061109567 1061109567 1300 1061109567 1061109567 1061109567 1061109567 1061109567 1061109567 1061109567 1061109567 600 0 1800 1061109567 1061109567 1061109567 1061109567 1061109567 1061109567 1061109567 1061109567 1061109567 1061109567 1061109567 1061109567 1061109567 1061109567 1061109567 1061109567 1061109567 1061109567 1061109567 1000 1061109567 1061109567 1061109567 1061109567 1061109567 1061109567 
1061109567 1061109567 800 1061109567 1061109567 1061109567 1061109567 1061109567 1061109567 1061109567 1061109567 1061109567 1061109567 1061109567 1061109567 1061109567 1061109567 1061109567 1061109567 1061109567 1061109567 1061109567 1061109567 1061109567 1800 0 300 1061109567 600 1061109567 1061109567 1061109567 700 1061109567 1061109567 1061109567 1061109567 1061109567 1061109567 1061109567 1061109567 1061109567 1061109567 1061109567 1061109567 1061109567 1061109567 1061109567 1061109567 1061109567 1061109567 1061109567 
1061109567 1061109567 1061109567 1061109567 1061109567 1061109567 1061109567 1061109567 1061109567 1061109567 1061109567 1061109567 1061109567 1061109567 1061109567 1061109567 1061109567 1061109567 1061109567 1061109567 1061109567 1061109567 1061109567 1061109567 1061109567 300 0 100 90 100 1061109567 1061109567 1061109567 1061109567 1061109567 1061109567 1061109567 1061109567 1061109567 1061109567 1061109567 1061109567 1061109567 1061109567 1061109567 1061109567 1061109567 1061109567 1061109567 1061109567 1061109567 1061109567 
1061109567 1061109567 1061109567 1061109567 1061109567 1061109567 1061109567 1061109567 1061109567 1061109567 1061109567 1061109567 1061109567 1061109567 1061109567 1061109567 1061109567 1061109567 1061109567 1061109567 1061109567 1061109567 1061109567 1061109567 1061109567 1061109567 100 0 1061109567 1061109567 80 1061109567 1061109567 1061109567 1061109567 1061109567 1061109567 1061109567 1061109567 1061109567 1061109567 1061109567 1061109567 1061109567 1061109567 1061109567 1061109567 1061109567 1061109567 1061109567 1061109567 1400 
1061109567 1061109567 1061109567 1061109567 1061109567 1061109567 1061109567 1061109567 1061109567 1061109567 1061109567 1061109567 1061109567 1061109567 1061109567 1061109567 1061109567 1061109567 1061109567 1061109567 1061109567 1061109567 1061109567 1061109567 1061109567 600 90 1061109567 0 500 1061109567 1061109567 100 1061109567 1061109567 1061109567 1061109567 1061109567 1061109567 1061109567 1061109567 1061109567 1061109567 1061109567 1061109567 1061109567 1061109567 1061109567 1061109567 1061109567 1061109567 1061109567 
1061109567 1061109567 1061109567 1061109567 1061109567 1061109567 1061109567 1061109567 1061109567 1061109567 1061109567 1061109567 1061109567 1061109567 1061109567 1061109567 1061109567 1061109567 1061109567 1061109567 1061109567 1061109567 1061109567 1061109567 1061109567 1061109567 100 1061109567 500 0 600 1061109567 1061109567 100 1061109567 1061109567 1061109567 1061109567 1061109567 1061109567 1061109567 1061109567 1061109567 1061109567 1061109567 1061109567 1061109567 1061109567 1061109567 1061109567 1061109567 1061109567 
1061109567 1061109567 1061109567 1061109567 1061109567 1061109567 1061109567 1061109567 1061109567 1061109567 1061109567 1061109567 1061109567 1061109567 1061109567 1061109567 1061109567 1061109567 1061109567 1061109567 1061109567 1061109567 1061109567 1061109567 1061109567 1061109567 1061109567 80 1061109567 600 0 600 1061109567 1061109567 1061109567 800 1061109567 1061109567 1061109567 1061109567 1061109567 1061109567 1061109567 1061109567 1061109567 1061109567 1061109567 1061109567 1061109567 1061109567 1061109567 1061109567 
1061109567 1061109567 1061109567 1061109567 1061109567 1061109567 1061109567 1061109567 1061109567 1061109567 1061109567 1061109567 1061109567 1061109567 1061109567 1061109567 1061109567 1061109567 1061109567 1061109567 1061109567 1061109567 1061109567 1061109567 1061109567 1061109567 1061109567 1061109567 1061109567 1061109567 600 0 1061109567 1061109567 1061109567 1061109567 1061109567 1061109567 1061109567 1061109567 1061109567 1061109567 1061109567 1061109567 1061109567 1061109567 1061109567 1061109567 1061109567 1061109567 1061109567 1200 
1061109567 1061109567 1061109567 1061109567 1061109567 1061109567 1061109567 1061109567 1061109567 1061109567 1061109567 1061109567 1061109567 1061109567 1061109567 1061109567 1061109567 1061109567 1061109567 1061109567 1061109567 1061109567 1061109567 1061109567 1061109567 700 1061109567 1061109567 100 1061109567 1061109567 1061109567 0 100 800 1061109567 1061109567 1061109567 1061109567 1061109567 1061109567 1061109567 1061109567 1061109567 1061109567 1061109567 1061109567 1061109567 1061109567 1061109567 1061109567 1061109567 
1061109567 1061109567 1061109567 1061109567 1061109567 1061109567 1061109567 1061109567 1061109567 1061109567 1061109567 1061109567 1061109567 1061109567 1061109567 1061109567 1061109567 1061109567 1061109567 1061109567 1061109567 1061109567 1061109567 1061109567 1061109567 1061109567 1061109567 1061109567 1061109567 100 1061109567 1061109567 100 0 600 1061109567 1061109567 1061109567 1061109567 1061109567 1061109567 1061109567 1061109567 1061109567 1061109567 1061109567 1061109567 1061109567 1061109567 1061109567 1061109567 1061109567 
1061109567 1061109567 1061109567 1061109567 1061109567 1061109567 1061109567 1061109567 1061109567 1061109567 1061109567 1061109567 1061109567 1061109567 1061109567 1061109567 500 1061109567 1061109567 1061109567 1061109567 1061109567 1061109567 1061109567 1061109567 1061109567 1061109567 1061109567 1061109567 1061109567 1061109567 1061109567 800 600 0 500 150 1061109567 1061109567 1061109567 1061109567 1061109567 1061109567 1061109567 1061109567 1061109567 1061109567 1061109567 1061109567 1061109567 1061109567 1061109567 
1061109567 1061109567 1061109567 1061109567 1061109567 1061109567 1061109567 1061109567 1061109567 1061109567 1061109567 1061109567 1061109567 1061109567 1061109567 1061109567 1061109567 1061109567 1061109567 1061109567 1061109567 1061109567 1061109567 1061109567 1061109567 1061109567 1061109567 1061109567 1061109567 1061109567 800 1061109567 1061109567 1061109567 500 0 500 800 1061109567 1061109567 1061109567 1000 1061109567 1061109567 1061109567 1061109567 1061109567 1061109567 1061109567 1061109567 1061109567 1061109567 
1061109567 1061109567 1061109567 1061109567 1061109567 1061109567 1061109567 1061109567 1061109567 1061109567 1061109567 1061109567 1061109567 1061109567 1061109567 1061109567 500 1061109567 1061109567 1061109567 1061109567 1061109567 1061109567 1061109567 1061109567 1061109567 1061109567 1061109567 1061109567 1061109567 1061109567 1061109567 1061109567 1061109567 150 500 0 400 1061109567 1061109567 1061109567 1061109567 1061109567 1061109567 1061109567 1061109567 1061109567 1061109567 1061109567 1061109567 1061109567 1061109567 
1061109567 1061109567 1061109567 1061109567 1061109567 1061109567 1061109567 1061109567 1061109567 1061109567 1061109567 1061109567 1061109567 1061109567 1061109567 1061109567 1061109567 1061109567 1061109567 1061109567 1061109567 1061109567 1061109567 1061109567 1061109567 1061109567 1061109567 1061109567 1061109567 1061109567 1061109567 1061109567 1061109567 1061109567 1061109567 800 400 0 100 500 1061109567 1061109567 1061109567 1061109567 1061109567 1061109567 1061109567 1061109567 1061109567 1061109567 1061109567 1061109567 
1061109567 1061109567 1061109567 1061109567 1061109567 1061109567 1061109567 1061109567 1061109567 1061109567 1061109567 1061109567 1061109567 1061109567 1061109567 1061109567 1061109567 1061109567 1061109567 1061109567 1061109567 1061109567 1061109567 1061109567 1061109567 1061109567 1061109567 1061109567 1061109567 1061109567 1061109567 1061109567 1061109567 1061109567 1061109567 1061109567 1061109567 100 0 200 1061109567 1061109567 1061109567 1061109567 1061109567 1061109567 1061109567 1061109567 1061109567 1061109567 1061109567 1061109567 
1061109567 1061109567 1061109567 1061109567 1061109567 1061109567 1061109567 1061109567 1061109567 1061109567 1061109567 1061109567 1061109567 1061109567 1061109567 1061109567 1061109567 1061109567 1061109567 1061109567 1061109567 1061109567 1061109567 1061109567 1061109567 1061109567 1061109567 1061109567 1061109567 1061109567 1061109567 1061109567 1061109567 1061109567 1061109567 1061109567 1061109567 500 200 0 500 1061109567 1061109567 600 1061109567 1061109567 1061109567 1061109567 1061109567 1061109567 1061109567 1061109567 
1061109567 1061109567 1061109567 1061109567 1061109567 1061109567 1061109567 1061109567 1061109567 1061109567 1061109567 1061109567 1061109567 1061109567 1061109567 1061109567 1061109567 1061109567 1061109567 1061109567 1061109567 1061109567 1061109567 1061109567 1061109567 1061109567 1061109567 1061109567 1061109567 1061109567 1061109567 1061109567 1061109567 1061109567 1061109567 1061109567 1061109567 1061109567 1061109567 500 0 200 700 1061109567 1061109567 1061109567 1061109567 1061109567 1061109567 1061109567 1061109567 1061109567 
1061109567 1061109567 1061109567 1061109567 1061109567 1061109567 1061109567 1061109567 1061109567 1061109567 1061109567 1061109567 1061109567 1061109567 1061109567 1061109567 1061109567 1061109567 1061109567 1061109567 1061109567 1061109567 1061109567 1061109567 1061109567 1061109567 1061109567 1061109567 1061109567 1061109567 1061109567 1061109567 1061109567 1061109567 1061109567 1000 1061109567 1061109567 1061109567 1061109567 200 0 1061109567 1061109567 1061109567 1061109567 1061109567 1061109567 1061109567 1061109567 1061109567 500 
1061109567 1061109567 1061109567 1061109567 1061109567 1061109567 1061109567 1061109567 1061109567 1061109567 1061109567 1061109567 1061109567 1061109567 1061109567 1061109567 1061109567 1061109567 1061109567 1061109567 1061109567 1061109567 1061109567 1061109567 1061109567 1061109567 1061109567 1061109567 1061109567 1061109567 1061109567 1061109567 1061109567 1061109567 1061109567 1061109567 1061109567 1061109567 1061109567 1061109567 700 1061109567 0 400 1061109567 1061109567 1061109567 1061109567 1061109567 700 1061109567 600 
1061109567 1061109567 1061109567 1061109567 1061109567 1061109567 1061109567 1061109567 1061109567 1061109567 1061109567 1061109567 1061109567 1061109567 1061109567 1061109567 1061109567 1061109567 1061109567 1061109567 1061109567 1061109567 1061109567 1061109567 1061109567 1061109567 1061109567 1061109567 1061109567 1061109567 1061109567 1061109567 1061109567 1061109567 1061109567 1061109567 1061109567 1061109567 1061109567 600 1061109567 1061109567 400 0 100 1061109567 1061109567 100 1061109567 1061109567 1061109567 1061109567 
1061109567 1061109567 1061109567 1061109567 1061109567 1061109567 1061109567 1061109567 1061109567 1061109567 1061109567 1061109567 1061109567 1061109567 1061109567 1061109567 1061109567 1061109567 1061109567 1061109567 1061109567 1061109567 1061109567 1061109567 1061109567 1061109567 1061109567 1061109567 1061109567 1061109567 1061109567 1061109567 1061109567 1061109567 1061109567 1061109567 1061109567 1061109567 1061109567 1061109567 1061109567 1061109567 1061109567 100 0 100 1061109567 1061109567 1061109567 1061109567 1061109567 1061109567 
1061109567 1061109567 1061109567 1061109567 1061109567 1061109567 1061109567 1061109567 1061109567 1061109567 1061109567 1061109567 1061109567 1061109567 1061109567 1061109567 1061109567 1061109567 1061109567 1061109567 1061109567 1061109567 1061109567 1061109567 1000 1061109567 1061109567 1061109567 1061109567 1061109567 1061109567 1061109567 1061109567 1061109567 1061109567 1061109567 1061109567 1061109567 1061109567 1061109567 1061109567 1061109567 1061109567 1061109567 100 0 200 1061109567 1061109567 1061109567 1061109567 1061109567 
1061109567 1061109567 1061109567 1061109567 1061109567 1061109567 1061109567 1061109567 1061109567 1061109567 1061109567 1061109567 1061109567 1061109567 1061109567 1061109567 1061109567 1061109567 1061109567 1061109567 1061109567 1061109567 1061109567 1061109567 1061109567 1061109567 1061109567 1061109567 1061109567 1061109567 1061109567 1061109567 1061109567 1061109567 1061109567 1061109567 1061109567 1061109567 1061109567 1061109567 1061109567 1061109567 1061109567 1061109567 1061109567 200 0 1061109567 100 1061109567 1061109567 1061109567 
1061109567 1061109567 1061109567 1061109567 1061109567 1061109567 1061109567 1061109567 1061109567 1061109567 1061109567 1061109567 1061109567 1061109567 1061109567 1061109567 1061109567 1061109567 1061109567 1061109567 1061109567 1061109567 1061109567 1061109567 1061109567 1061109567 1061109567 1061109567 1061109567 1061109567 1061109567 1061109567 1061109567 1061109567 1061109567 1061109567 1061109567 1061109567 1061109567 1061109567 1061109567 1061109567 1061109567 100 1061109567 1061109567 1061109567 0 1061109567 1061109567 1061109567 1061109567 
1061109567 1061109567 1061109567 1061109567 1061109567 1061109567 1061109567 1061109567 1061109567 1061109567 1061109567 1061109567 1061109567 1061109567 1061109567 1061109567 1061109567 1061109567 1061109567 1061109567 1061109567 1061109567 1061109567 1061109567 1061109567 1061109567 1061109567 1061109567 1061109567 1061109567 1061109567 1061109567 1061109567 1061109567 1061109567 1061109567 1061109567 1061109567 1061109567 1061109567 1061109567 1061109567 1061109567 1061109567 1061109567 1061109567 100 1061109567 0 500 1061109567 1061109567 
1061109567 1061109567 1061109567 1061109567 1061109567 1061109567 1061109567 1061109567 1061109567 1061109567 1061109567 1061109567 1061109567 1061109567 1061109567 1061109567 1061109567 1061109567 1061109567 1061109567 1061109567 1061109567 1061109567 1061109567 1061109567 1061109567 1061109567 1061109567 1061109567 1061109567 1061109567 1061109567 1061109567 1061109567 1061109567 1061109567 1061109567 1061109567 1061109567 1061109567 1061109567 1061109567 700 1061109567 1061109567 1061109567 1061109567 1061109567 500 0 200 1061109567 
1061109567 1061109567 1061109567 1061109567 1061109567 1061109567 1061109567 1061109567 1061109567 1061109567 1061109567 1061109567 1061109567 1061109567 1061109567 1061109567 1061109567 1061109567 1061109567 1061109567 1061109567 1061109567 1061109567 1061109567 1061109567 1061109567 1061109567 1061109567 1061109567 1061109567 1061109567 1061109567 1061109567 1061109567 1061109567 1061109567 1061109567 1061109567 1061109567 1061109567 1061109567 1061109567 1061109567 1061109567 1061109567 1061109567 1061109567 1061109567 1061109567 200 0 800 
1061109567 1061109567 1061109567 1061109567 1061109567 1061109567 1061109567 1061109567 1061109567 1061109567 1061109567 1061109567 1061109567 1061109567 1061109567 1061109567 1061109567 1061109567 1061109567 1061109567 1061109567 1061109567 1061109567 1061109567 1061109567 1061109567 1061109567 1400 1061109567 1061109567 1061109567 1200 1061109567 1061109567 1061109567 1061109567 1061109567 1061109567 1061109567 1061109567 1061109567 500 600 1061109567 1061109567 1061109567 1061109567 1061109567 1061109567 1061109567 800 0 
