23
0 0 0 0 0 1061109567 0 0 0 0 0 0 0 0 0 0 0 0 0 0 0 0 1 
0 0 0 0 0 1061109567 0 0 0 0 0 0 0 0 0 0 0 0 0 0 0 0 1 
0 0 0 0 0 0 0 0 0 0 0 0 0 0 0 0 0 0 0 0 0 0 1 
0 0 0 1061109567 1061109567 1061109567 1061109567 1061109567 1061109567 1061109567 1061109567 1061109567 1061109567 1061109567 1061109567 1061109567 1061109567 1061109567 1061109567 1061109567 0 0 1 
0 0 0 0 1061109567 1061109567 1061109567 1061109567 1061109567 1061109567 1061109567 1061109567 1061109567 1061109567 1061109567 1061109567 1061109567 1061109567 1061109567 1061109567 0 0 1 
1061109567 1061109567 0 1061109567 1061109567 1061109567 1061109567 1061109567 1061109567 1061109567 1061109567 1061109567 1061109567 1061109567 1061109567 1061109567 1061109567 1061109567 1061109567 1061109567 1061109567 0 1 
0 0 0 89 74 1061109567 89 188 66 1061109567 1061109567 193 0 124 9 95 128 54 25 130 0 0 1 
0 0 0 39 121 1061109567 0 28 13 55 1061109567 1061109567 180 124 0 81 111 57 32 33 0 0 1 
0 0 0 128 112 1061109567 141 0 91 13 56 1061109567 1061109567 134 9 81 0 31 74 12 0 0 1 
0 0 0 143 61 1061109567 94 30 0 189 89 79 1061109567 1061109567 98 95 111 31 0 134 0 0 1 
0 0 0 82 10 1061109567 159 166 25 0 34 57 38 1061109567 1061109567 196 128 57 74 134 0 0 1 
0 0 0 194 35 1061109567 11 120 150 170 0 197 70 34 1061109567 1061109567 98 54 32 12 0 0 1 
0 0 0 194 129 1061109567 181 44 53 50 91 0 94 24 48 1061109567 1061109567 41 25 33 0 0 1 
0 0 0 194 0 1061109567 22 162 30 108 167 50 0 1 123 121 1061109567 1061109567 2 130 0 0 1 
0 0 0 194 129 1061109567 0 182 67 106 59 84 112 0 86 103 189 1061109567 1061109567 70 0 0 1 
0 0 0 82 35 1061109567 22 182 0 14 184 79 116 21 0 19 13 141 1061109567 1061109567 0 0 1 
0 0 0 143 10 1061109567 181 162 67 14 0 45 71 15 123 0 124 46 14 1061109567 0 0 1 
0 0 0 128 61 1061109567 11 44 30 106 184 45 0 42 69 139 0 172 79 88 0 0 1 
0 0 0 39 112 1061109567 159 120 53 108 59 79 71 42 0 159 176 0 164 22 0 0 1 
0 0 0 89 121 1061109567 94 166 150 50 167 84 116 15 69 159 0 64 0 18 0 0 1 
0 0 0 0 0 1061109567 0 0 0 0 0 0 0 0 0 0 0 0 0 0 0 0 1 
0 0 0 0 0 0 0 0 0 0 0 0 0 0 0 0 0 0 0 0 0 0 1 
1 1 1 1 1 1 1 1 1 1 1 1 1 1 1 1 1 1 1 1 1 1 0 
